name: unicycler
channels:
  - bioconda
  - defaults
dependencies:
  - _libgcc_mutex=0.1=main
  - _openmp_mutex=4.5=1_gnu
  - blast=2.12.0=pl5262h3289130_0
  - bowtie2=2.3.5.1=py37he513fc3_0
  - bzip2=1.0.8=h7b6447c_0
  - c-ares=1.17.1=h27cfd23_0
  - ca-certificates=2021.10.26=h06a4308_2
  - certifi=2021.10.8=py37h06a4308_0
  - curl=7.78.0=h1ccaba5_0
  - entrez-direct=15.6=he881be0_1
  - freebayes=1.3.2=py37hc088bd4_0
  - htslib=1.13=h9093b5e_0
  - krb5=1.19.2=hac12032_0
  - ld_impl_linux-64=2.35.1=h7274673_9
  - libcurl=7.78.0=h0b77cf5_0
  - libdeflate=1.7=h27cfd23_5
  - libedit=3.1.20210714=h7f8727e_0
  - libev=4.33=h7f8727e_1
  - libffi=3.3=he6710b0_2
  - libgcc-ng=9.3.0=h5101ec6_17
  - libgomp=9.3.0=h5101ec6_17
  - libnghttp2=1.41.0=hf8bcb03_2
  - libssh2=1.9.0=h1ba5d50_1
  - libstdcxx-ng=9.3.0=hd4cf53a_17
  - miniasm=0.3_r179=h5bf99c6_2
  - ncurses=6.2=he6710b0_1
  - openjdk=8.0.152=h7b6447c_3
  - openssl=1.1.1l=h7f8727e_0
  - parallel=20160622=1
  - pcre=8.45=h295c915_0
  - perl=5.26.2=h14c3975_0
  - perl-archive-tar=2.32=pl526_0
  - perl-carp=1.38=pl526_3
  - perl-common-sense=3.74=pl526_2
  - perl-compress-raw-bzip2=2.087=pl526he1b5a44_0
  - perl-compress-raw-zlib=2.087=pl526hc9558a2_0
  - perl-exporter=5.72=pl526_1
  - perl-exporter-tiny=1.002001=pl526_0
  - perl-extutils-makemaker=7.36=pl526_1
  - perl-io-compress=2.087=pl526he1b5a44_0
  - perl-io-zlib=1.10=pl526_2
  - perl-json=4.02=pl526_0
  - perl-json-xs=2.34=pl526h6bb024c_3
  - perl-list-moreutils=0.428=pl526_1
  - perl-list-moreutils-xs=0.428=pl526_0
  - perl-pathtools=3.75=pl526h14c3975_1
  - perl-scalar-list-utils=1.52=pl526h516909a_0
  - perl-threaded=5.26.0=0
  - perl-types-serialiser=1.0=pl526_2
  - perl-xsloader=0.24=pl526_0
  - pilon=1.24=hdfd78af_0
  - pip=21.2.2=py37h06a4308_0
  - python=3.7.11=h12debd9_0
  - racon=1.4.20=h9a82719_1
  - readline=8.1=h27cfd23_0
  - samtools=1.13=h8c37831_0
  - setuptools=58.0.4=py37h06a4308_0
  - spades=3.13.1=0
  - sqlite=3.36.0=hc218d9a_0
  - tbb=2021.4.0=hd09550d_0
  - tk=8.6.11=h1ccaba5_0
  - unicycler=0.4.8=py37h8b12597_0
  - wheel=0.37.0=pyhd3eb1b0_1
  - xz=5.2.5=h7b6447c_0
  - zlib=1.2.11=h7b6447c_3
prefix: /home/ubuntu/miniconda3/envs/unicycler
